1.376844959068224128e-02 4.735527880151513269e-02
7.538124164297654861e-02 5.614330800633978713e-01
1.915194503788922864e-01 6.513781432265773885e-01
2.725926052826416202e-01 8.691273895612258160e-01
2.764642551430966932e-01 4.361734238956793686e-01
3.578172699578666682e-01 7.045813081895725416e-01
3.648859839013722794e-01 5.333101629987505587e-01
3.688240060019745137e-01 3.296684456209150182e-01
3.702507547903949314e-01 9.093159589724725267e-01
4.377277390071144803e-01 7.887301429407455045e-01
5.009951255234587064e-01 2.187921056740885772e-01
5.030831653078097210e-01 1.842870838138136458e-01
5.611961860656249357e-01 5.980922277985190050e-02
6.153961784334937013e-01 4.332406269480348904e-02
6.221087710398318649e-01 3.972025777261541934e-01
6.834629351721362989e-01 9.248676286155650406e-01
7.127020269829001942e-01 4.421407554041766330e-01
7.728266216123740318e-01 6.748809435823301950e-01
7.799758081188035153e-01 5.680986526260691782e-01
7.853585837137692094e-01 3.168361221688712481e-01
8.018721775350192704e-01 8.021476420801590956e-01
8.759326347420947068e-01 7.042609711183354104e-01
8.826411906361165682e-01 5.946247799344488438e-01
9.331401019825216192e-01 5.029668331126183611e-01
9.581393536837051750e-01 1.437668245145645729e-01
