5.810529488195137482e-02 5.684917517904258810e-01
1.828830309416865085e-01 6.643122559300216334e-01
2.059589577350136869e-01 4.097934760289491107e-01
2.135964649183498820e-01 -4.460957741968354234e-02
2.170457446358064479e-01 8.117194924220705321e-01
3.528418643661401788e-01 6.988990638073593331e-01
3.564275512569630711e-01 2.905175680827752349e-01
4.065154474842345156e-01 -2.319682781683181094e-01
4.385731801786602047e-01 8.683754059588446594e-01
4.531619120341239260e-01 5.605607203232076952e-01
4.786919201923440781e-01 1.458727695681983350e-01
4.872459510837433005e-01 7.560546989015110020e-01
5.446740129798671726e-01 2.507720422339750344e-01
5.793212309808163374e-01 4.304605180767829276e-01
5.934617247754905289e-01 -9.254737380054808837e-02
5.959633168637260558e-01 8.159065625132845279e-01
6.946931451903930466e-01 6.794067368600392731e-01
7.018003846130634882e-01 5.682695505525043878e-01
7.292449795995885609e-01 7.517752259711077967e-01
7.357244403720299974e-01 4.592535482491384435e-01
7.511320200250979351e-01 2.712855567838549642e-01
8.707076713400274670e-01 2.292619119530486804e-01
9.054816133428849056e-01 6.127886413216998562e-01
9.184177464334363217e-01 4.793509184371727017e-01
9.218549892234769727e-01 6.812314169600527380e-01
